b
A: 22.52827056748625 7
B: 19.415914513953723 7
C: 16.303558460421204 7
D: 12.667289137877372 7
E: 13.19120240688868 7
F: 6.4114534702769985 6
G: 6.447764290901545 7
H: 3.3302209772798004 7
I: 0.22305218383649753 7
bw
A: 22.52827056748625 7
B: 19.415914513953723 7
C: 17.560950306048344 7
D: 13.924680983504512 7
E: 10.781201369436664 6
F: 6.447764290901545 7
G: 7.705156136528685 7
H: 4.587612822906941 7
I: 0.16080506276584705 5
w
A: 22.52827056748625 7
B: 19.415914513953723 7
C: 17.560950306048344 7
D: 13.924680983504512 7
E: 10.781201369436664 6
F: 6.447764290901545 7
G: 7.705156136528685 7
H: 4.587612822906941 7
I: 0.16080506276584705 5